OLS REGRESSION MODEL SUMMARY
============================================================

                            OLS Regression Results                            
==============================================================================
Dep. Variable:                      y   R-squared:                       0.305
Model:                            OLS   Adj. R-squared:                  0.292
Method:                 Least Squares   F-statistic:                     23.42
Date:                Mon, 02 Feb 2026   Prob (F-statistic):               0.00
Time:                        01:58:45   Log-Likelihood:                -25673.
No. Observations:                7405   AIC:                         5.162e+04
Df Residuals:                    7268   BIC:                         5.257e+04
Df Model:                         136                                         
Covariance Type:            nonrobust                                         
==============================================================================
                 coef    std err          t      P>|t|      [0.025      0.975]
------------------------------------------------------------------------------
const      -1.767e+05   1.14e+06     -0.155      0.877   -2.41e+06    2.06e+06
x1          1298.3790   1.35e+04      0.096      0.923   -2.52e+04    2.78e+04
x2          2096.4249   1.34e+04      0.157      0.875   -2.41e+04    2.83e+04
x3          4927.5864   3.18e+04      0.155      0.877   -5.73e+04    6.72e+04
x4          1723.5509   4837.806      0.356      0.722   -7759.954    1.12e+04
x5          1.005e+04   6.34e+04      0.159      0.874   -1.14e+05    1.34e+05
x6          3021.9300   1.83e+04      0.165      0.869   -3.28e+04    3.88e+04
x7           361.2096   3148.320      0.115      0.909   -5810.413    6532.832
x8         -3.623e+04   2.65e+04     -1.365      0.172   -8.82e+04    1.58e+04
x9          -382.1258    395.888     -0.965      0.334   -1158.181     393.930
x10         1220.0330   1087.893      1.121      0.262    -912.552    3352.618
x11          367.7521   1139.400      0.323      0.747   -1865.802    2601.306
x12         -928.8021   1109.541     -0.837      0.403   -3103.824    1246.219
x13         -334.6966   1388.961     -0.241      0.810   -3057.464    2388.071
x14          983.7704   1061.710      0.927      0.354   -1097.490    3065.031
x15         -304.3894   1153.332     -0.264      0.792   -2565.254    1956.475
x16          235.1728   1207.362      0.195      0.846   -2131.608    2601.954
x17         1250.2867   1149.297      1.088      0.277   -1002.668    3503.242
x18        -1141.5191   1100.482     -1.037      0.300   -3298.783    1015.745
x19           -3.4115   1067.870     -0.003      0.997   -2096.747    2089.924
x20         -324.1144   1096.220     -0.296      0.767   -2473.025    1824.796
x21         -565.0921   1035.673     -0.546      0.585   -2595.313    1465.128
x22          905.2205   1084.415      0.835      0.404   -1220.548    3030.989
x23            6.3041     12.045      0.523      0.601     -17.308      29.917
x24            3.9899     73.974      0.054      0.957    -141.021     149.001
x25            4.9778     73.941      0.067      0.946    -139.969     149.924
x26           -4.7043     19.869     -0.237      0.813     -43.654      34.245
x27           10.5689    177.824      0.059      0.953    -338.017     359.155
x28            1.6003     30.003      0.053      0.957     -57.215      60.416
x29         -261.6615   1671.029     -0.157      0.876   -3537.363    3014.040
x30          853.7806   2419.285      0.353      0.724   -3888.721    5596.282
x31            3.0315      3.038      0.998      0.318      -2.923       8.986
x32           -9.8449      8.298     -1.186      0.236     -26.112       6.422
x33           -0.7188      8.757     -0.082      0.935     -17.885      16.448
x34            8.6250      8.623      1.000      0.317      -8.278      25.528
x35            5.7752     10.799      0.535      0.593     -15.394      26.945
x36           -7.6081      8.064     -0.943      0.345     -23.416       8.200
x37           -0.5221      8.824     -0.059      0.953     -17.820      16.776
x38           -1.5464      9.311     -0.166      0.868     -19.798      16.705
x39           -8.6839      8.803     -0.986      0.324     -25.940       8.572
x40           13.3419      8.453      1.578      0.115      -3.228      29.911
x41            1.1820      8.093      0.146      0.884     -14.683      17.047
x42            4.0556      8.357      0.485      0.627     -12.327      20.438
x43            5.7118      7.954      0.718      0.473      -9.880      21.304
x44           -5.2888      8.354     -0.633      0.527     -21.665      11.087
x45          -16.5884    119.765     -0.139      0.890    -251.362     218.185
x46          -32.8980    239.159     -0.138      0.891    -501.719     435.923
x47          -32.0566     74.999     -0.427      0.669    -179.077     114.964
x48          -77.5488    504.168     -0.154      0.878   -1065.865     910.767
x49          -28.0669    145.595     -0.193      0.847    -313.475     257.341
x50         -794.1037   5013.219     -0.158      0.874   -1.06e+04    9033.261
x51          -78.5595   1589.652     -0.049      0.961   -3194.739    3037.620
x52            8.5260      8.998      0.947      0.343      -9.114      26.166
x53          -26.6642     24.722     -1.079      0.281     -75.126      21.798
x54           -7.0104     25.869     -0.271      0.786     -57.722      43.701
x55           22.2603     25.209      0.883      0.377     -27.157      71.678
x56            8.2876     31.539      0.263      0.793     -53.539      70.114
x57          -21.6938     24.116     -0.900      0.368     -68.969      25.581
x58            6.8089     26.176      0.260      0.795     -44.504      58.122
x59           -5.8743     27.441     -0.214      0.830     -59.667      47.918
x60          -27.3360     26.124     -1.046      0.295     -78.547      23.875
x61           27.1203     24.998      1.085      0.278     -21.882      76.123
x62            2.0843     24.249      0.086      0.932     -45.451      49.619
x63            8.1074     24.898      0.326      0.745     -40.701      56.916
x64           13.1664     23.517      0.560      0.576     -32.934      59.267
x65          -19.1192     24.639     -0.776      0.438     -67.420      29.181
x66          -16.2066    119.813     -0.135      0.892    -251.076     218.662
x67          -32.3908     75.082     -0.431      0.666    -179.572     114.791
x68          -76.5162    504.287     -0.152      0.879   -1065.065     912.033
x69          -27.4114    145.637     -0.188      0.851    -312.902     258.079
x70         2096.4248   1.34e+04      0.157      0.875   -2.41e+04    2.83e+04
x71          -64.4171   1589.350     -0.041      0.968   -3180.005    3051.171
x72            8.7905      9.001      0.977      0.329      -8.855      26.435
x73          -28.5643     24.726     -1.155      0.248     -77.035      19.906
x74           -8.6445     25.906     -0.334      0.739     -59.427      42.138
x75           20.4744     25.216      0.812      0.417     -28.956      69.905
x76            7.9485     31.588      0.252      0.801     -53.973      69.870
x77          -22.8369     24.129     -0.946      0.344     -70.137      24.463
x78            6.4629     26.224      0.246      0.805     -44.944      57.870
x79           -4.8415     27.436     -0.176      0.860     -58.624      48.941
x80          -28.8158     26.108     -1.104      0.270     -79.994      22.363
x81           25.7740     25.011      1.031      0.303     -23.255      74.803
x82           -1.4030     24.255     -0.058      0.954     -48.949      46.143
x83            7.4279     24.904      0.298      0.766     -41.391      56.247
x84           13.2666     23.565      0.563      0.573     -32.928      59.461
x85          -21.5883     24.648     -0.876      0.381     -69.905      26.728
x86          -12.0184     13.358     -0.900      0.368     -38.204      14.167
x87          -81.1705    181.404     -0.447      0.655    -436.775     274.434
x88          -16.7225     31.552     -0.530      0.596     -78.574      45.129
x89         -266.1856   1671.143     -0.159      0.873   -3542.110    3009.739
x90          869.8064   2418.896      0.360      0.719   -3871.932    5611.545
x91            2.6413      3.087      0.856      0.392      -3.409       8.692
x92           -8.4951      8.661     -0.981      0.327     -25.473       8.483
x93           -6.3393      9.271     -0.684      0.494     -24.512      11.834
x94            4.6110      8.936      0.516      0.606     -12.906      22.128
x95           -2.7257     11.410     -0.239      0.811     -25.094      19.642
x96           -7.3512      8.408     -0.874      0.382     -23.833       9.131
x97            6.4817      9.475      0.684      0.494     -12.091      25.055
x98           -2.2397      9.803     -0.228      0.819     -21.456      16.977
x99          -11.0060      9.358     -1.176      0.240     -29.350       7.338
x100           1.7995      8.916      0.202      0.840     -15.678      19.277
x101          -1.6513      8.622     -0.192      0.848     -18.553      15.250
x102          -0.2522      8.899     -0.028      0.977     -17.697      17.192
x103           1.7833      8.302      0.215      0.830     -14.491      18.058
x104          -9.0749      8.745     -1.038      0.299     -26.217       8.067
x105        -224.6614   1358.257     -0.165      0.869   -2887.240    2437.917
x106         -70.6034    350.490     -0.201      0.840    -757.666     616.459
x107         774.4734   5015.390      0.154      0.877   -9057.148    1.06e+04
x108        1580.6106   1887.682      0.837      0.402   -2119.794    5281.015
x109          22.9899     23.993      0.958      0.338     -24.044      70.024
x110         -73.5686     65.953     -1.115      0.265    -202.856      55.719
x111         -22.7130     69.074     -0.329      0.742    -158.119     112.693
x112          55.9706     67.244      0.832      0.405     -75.848     187.789
x113          19.2857     84.189      0.229      0.819    -145.750     184.321
x114         -59.4901     64.366     -0.924      0.355    -185.667      66.687
x115          19.2315     69.933      0.275      0.783    -117.858     156.321
x116         -14.5020     73.195     -0.198      0.843    -157.985     128.981
x117         -75.8418     69.688     -1.088      0.276    -212.451      60.767
x118          68.0356     66.718      1.020      0.308     -62.750     198.821
x119           0.2121     64.754      0.003      0.997    -126.724     127.148
x120          19.3386     66.471      0.291      0.771    -110.963     149.641
x121          33.9280     62.780      0.540      0.589     -89.139     156.995
x122         -55.0712     65.736     -0.838      0.402    -183.933      73.791
x123         -15.1199     59.499     -0.254      0.799    -131.755     101.515
x124        -527.8470   3342.165     -0.158      0.875   -7079.462    6023.768
x125        1723.5871   4837.811      0.356      0.722   -7759.927    1.12e+04
x126           5.6730      6.004      0.945      0.345      -6.097      17.443
x127         -18.3400     16.540     -1.109      0.268     -50.762      14.082
x128          -7.0582     17.348     -0.407      0.684     -41.065      26.949
x129          13.2358     16.863      0.785      0.433     -19.820      46.292
x130           3.0496     21.136      0.144      0.885     -38.383      44.482
x131         -14.9594     16.149     -0.926      0.354     -46.616      16.697
x132           5.9596     17.581      0.339      0.735     -28.505      40.424
x133          -3.7860     18.369     -0.206      0.837     -39.795      32.223
x134         -19.6898     17.503     -1.125      0.261     -54.002      14.622
x135          15.1413     16.751      0.904      0.366     -17.695      47.977
x136          -0.4692     16.284     -0.029      0.977     -32.390      31.451
x137           3.8034     16.708      0.228      0.820     -28.948      36.555
x138           7.4951     15.733      0.476      0.634     -23.346      38.337
x139         -14.3636     16.491     -0.871      0.384     -46.690      17.963
x140          10.6192      3.070      3.459      0.001       4.601      16.637
x141          50.8409     53.938      0.943      0.346     -54.894     156.576
x142           0.3969      1.509      0.263      0.793      -2.561       3.355
x143          -7.5920      4.145     -1.831      0.067     -15.718       0.534
x144          -4.8532      4.416     -1.099      0.272     -13.510       3.803
x145          -5.3679      3.818     -1.406      0.160     -12.852       2.116
x146           2.4464      5.993      0.408      0.683      -9.301      14.194
x147          -4.0704      3.846     -1.058      0.290     -11.610       3.469
x148          -0.5335      4.143     -0.129      0.898      -8.654       7.587
x149           4.2758      4.833      0.885      0.376      -5.198      13.749
x150          -3.7756      4.392     -0.860      0.390     -12.384       4.833
x151          -5.1293      3.949     -1.299      0.194     -12.870       2.612
x152         -11.1943      3.900     -2.870      0.004     -18.839      -3.549
x153          -3.4939      3.883     -0.900      0.368     -11.105       4.118
x154          -1.0589      3.511     -0.302      0.763      -7.942       5.824
x155          -7.3501      3.840     -1.914      0.056     -14.877       0.177
x156         -32.9863    289.978     -0.114      0.909    -601.428     535.456
x157           5.3964     12.147      0.444      0.657     -18.415      29.208
x158          -7.8353     35.360     -0.222      0.825     -77.150      61.480
x159          79.8769     51.168      1.561      0.119     -20.428     180.182
x160          53.0527     46.956      1.130      0.259     -38.994     145.099
x161         119.8627     81.048      1.479      0.139     -39.014     278.740
x162           5.9673     28.981      0.206      0.837     -50.843      62.778
x163         -71.5349     53.777     -1.330      0.183    -176.953      33.883
x164          14.7243     56.594      0.260      0.795     -96.216     125.665
x165          32.9602     50.442      0.653      0.514     -65.921     131.841
x166         119.8010     44.013      2.722      0.007      33.522     206.080
x167          37.2637     34.535      1.079      0.281     -30.435     104.962
x168          46.8862     42.576      1.101      0.271     -36.574     130.347
x169          39.3562     36.050      1.092      0.275     -31.312     110.024
x170          42.5015     43.154      0.985      0.325     -42.094     127.097
x171        -382.1258    395.888     -0.965      0.334   -1158.181     393.930
x172           1.3316      1.020      1.306      0.192      -0.667       3.331
x173          -0.4105      1.052     -0.390      0.696      -2.473       1.652
x174           0.4427      1.017      0.435      0.663      -1.551       2.437
x175          -0.1855      1.260     -0.147      0.883      -2.655       2.284
x176           0.6486      0.980      0.662      0.508      -1.272       2.569
x177           0.2767      1.080      0.256      0.798      -1.840       2.393
x178          -0.1881      1.120     -0.168      0.867      -2.385       2.008
x179          -0.6777      1.074     -0.631      0.528      -2.783       1.428
x180           0.7134      0.995      0.717      0.474      -1.238       2.664
x181           1.0309      0.979      1.053      0.293      -0.889       2.951
x182          -0.2748      1.012     -0.272      0.786      -2.259       1.709
x183          -0.1475      0.960     -0.154      0.878      -2.029       1.734
x184          -0.1965      0.999     -0.197      0.844      -2.154       1.761
x185        1220.0330   1087.893      1.121      0.262    -912.552    3352.618
x186                0          0        nan        nan           0           0
x187                0          0        nan        nan           0           0
x188                0          0        nan        nan           0           0
x189                0          0        nan        nan           0           0
x190                0          0        nan        nan           0           0
x191                0          0        nan        nan           0           0
x192                0          0        nan        nan           0           0
x193                0          0        nan        nan           0           0
x194                0          0        nan        nan           0           0
x195                0          0        nan        nan           0           0
x196                0          0        nan        nan           0           0
x197                0          0        nan        nan           0           0
x198         367.7521   1139.400      0.323      0.747   -1865.802    2601.306
x199                0          0        nan        nan           0           0
x200                0          0        nan        nan           0           0
x201                0          0        nan        nan           0           0
x202                0          0        nan        nan           0           0
x203                0          0        nan        nan           0           0
x204                0          0        nan        nan           0           0
x205                0          0        nan        nan           0           0
x206                0          0        nan        nan           0           0
x207                0          0        nan        nan           0           0
x208                0          0        nan        nan           0           0
x209                0          0        nan        nan           0           0
x210        -928.8022   1109.541     -0.837      0.403   -3103.824    1246.219
x211                0          0        nan        nan           0           0
x212                0          0        nan        nan           0           0
x213                0          0        nan        nan           0           0
x214                0          0        nan        nan           0           0
x215                0          0        nan        nan           0           0
x216                0          0        nan        nan           0           0
x217                0          0        nan        nan           0           0
x218                0          0        nan        nan           0           0
x219                0          0        nan        nan           0           0
x220                0          0        nan        nan           0           0
x221        -334.6965   1388.961     -0.241      0.810   -3057.464    2388.071
x222                0          0        nan        nan           0           0
x223                0          0        nan        nan           0           0
x224                0          0        nan        nan           0           0
x225                0          0        nan        nan           0           0
x226                0          0        nan        nan           0           0
x227                0          0        nan        nan           0           0
x228                0          0        nan        nan           0           0
x229                0          0        nan        nan           0           0
x230                0          0        nan        nan           0           0
x231         983.7705   1061.710      0.927      0.354   -1097.490    3065.031
x232                0          0        nan        nan           0           0
x233                0          0        nan        nan           0           0
x234                0          0        nan        nan           0           0
x235                0          0        nan        nan           0           0
x236                0          0        nan        nan           0           0
x237                0          0        nan        nan           0           0
x238                0          0        nan        nan           0           0
x239                0          0        nan        nan           0           0
x240        -304.3894   1153.332     -0.264      0.792   -2565.254    1956.475
x241                0          0        nan        nan           0           0
x242                0          0        nan        nan           0           0
x243                0          0        nan        nan           0           0
x244                0          0        nan        nan           0           0
x245                0          0        nan        nan           0           0
x246                0          0        nan        nan           0           0
x247                0          0        nan        nan           0           0
x248         235.1728   1207.362      0.195      0.846   -2131.608    2601.954
x249                0          0        nan        nan           0           0
x250                0          0        nan        nan           0           0
x251                0          0        nan        nan           0           0
x252                0          0        nan        nan           0           0
x253                0          0        nan        nan           0           0
x254                0          0        nan        nan           0           0
x255        1250.2867   1149.297      1.088      0.277   -1002.668    3503.242
x256                0          0        nan        nan           0           0
x257                0          0        nan        nan           0           0
x258                0          0        nan        nan           0           0
x259                0          0        nan        nan           0           0
x260                0          0        nan        nan           0           0
x261       -1141.5191   1100.482     -1.037      0.300   -3298.783    1015.745
x262                0          0        nan        nan           0           0
x263                0          0        nan        nan           0           0
x264                0          0        nan        nan           0           0
x265                0          0        nan        nan           0           0
x266          -3.4115   1067.870     -0.003      0.997   -2096.747    2089.924
x267                0          0        nan        nan           0           0
x268                0          0        nan        nan           0           0
x269                0          0        nan        nan           0           0
x270        -324.1144   1096.220     -0.296      0.767   -2473.025    1824.796
x271                0          0        nan        nan           0           0
x272                0          0        nan        nan           0           0
x273        -565.0921   1035.673     -0.546      0.585   -2595.313    1465.128
x274                0          0        nan        nan           0           0
x275         905.2205   1084.415      0.835      0.404   -1220.548    3030.989
==============================================================================
Omnibus:                       19.730   Durbin-Watson:                   2.003
Prob(Omnibus):                  0.000   Jarque-Bera (JB):               19.602
Skew:                          -0.115   Prob(JB):                     5.54e-05
Kurtosis:                       2.899   Cond. No.                     1.00e+16
==============================================================================

Notes:
[1] Standard Errors assume that the covariance matrix of the errors is correctly specified.
[2] The smallest eigenvalue is 4.11e-23. This might indicate that there are
strong multicollinearity problems or that the design matrix is singular.

============================================================
PERFORMANCE METRICS
============================================================

Training Set:
  MAE:  6.23 years
  RMSE: 7.75 years
  R²:   0.3047

Test Set:
  MAE:  6.23 years
  RMSE: 7.69 years
  R²:   0.2699
